BDNF_N	NR1_N	      NR2A_N	pAKT_N
0.4301753	2.8163285	5.9901517	0.21883
0.4117703	2.789514	5.6850379	0.2116362
0.4183088	2.6872011	5.6220585	0.2090109
0.3586263	2.4669472	4.9795032	0.2228858
0.3588022	2.3657849	4.7186787	0.2131059
0.3673881	2.385939	4.8076354	0.2185778
0.342709	2.3342238	4.4731301	0.2251728
0.3277027	2.2601351	4.2687346	0.2148342
0.3177204	2.1257251	4.0639501	0.2072216
0.3624622	2.0962664	3.5985873	0.2276488
0.3277924	2.0725725	3.6610582	0.229475
0.3551237	2.0068708	3.4666274	0.2163329
0.3125393	1.9462005	3.3495918	0.2308981
0.3109511	1.958907	3.3492904	0.2257996
0.3446293	1.8611625	3.2871226	0.2218115
0.3777418	2.7357574	6.0675696	0.219049
0.3515906	2.546888	5.595574	0.1991701
0.3501103	2.467733	5.5484004	0.2053227
0.3563969	2.5632227	4.9751958	0.2280865
0.3124797	2.1641815	4.3139384	0.1957861
0.3197007	2.285938	4.57118	0.2069266
0.3877503	2.4375873	4.4492315	0.2585002
0.3497738	2.308371	4.2294118	0.2214932
0.3084882	2.157728	4.0206926	0.2164274
0.3208527	2.1978683	3.5588959	0.2377699
0.3844451	2.4821372	4.109706	0.2880177
0.3042785	2.0534148	3.3813447	0.2516609
0.2913097	1.9134027	2.873623	0.2154223
0.3160556	1.9570164	2.9788243	0.2506321
0.2872504	1.8921659	2.8470046	0.2230415
0.4469583	2.9307172	5.9150394	0.1978971
0.4649639	2.9926889	5.9750285	0.2028105
0.4700556	3.073847	5.927379	0.2051306
0.3934647	2.6067801	5.8081018	0.2182107
0.4112032	2.7579754	6.0066566	0.2236875
0.4212038	2.8311688	6.3682567	0.233017
0.363541	2.4562612	5.1917316	0.2291791
0.3855292	2.5731256	5.4950633	0.2374267
0.3915878	2.6677014	5.9875834	0.2466242
0.3705681	2.5030499	4.9471979	0.2664888
0.3843685	2.5454031	5.1010006	0.2571267
0.3836704	2.6246456	5.6012096	0.2591193
0.3603008	2.3928897	4.5   	0.2787147
0.3715397	2.4726607	4.6520247	0.2781972
0.3607852	2.5388087	5.0081227	0.2872292
0.4029622	2.9335162	6.3172792	0.1923204
0.4012973	2.9192432	6.3068108	0.1925405
0.4179587	2.9258183	6.7661499	0.2010121
0.376029	2.9155853	5.9179573	0.2267336
0.3811247	2.9135579	6.0665367	0.221882
0.3858429	2.9043917	6.318467	0.2168576
0.3427568	2.6351623	5.3079625	0.2288391
0.3575121	2.731909	5.4689869	0.2322536
0.3619353	2.7326365	5.7872556	0.2432569
0.3245732	2.467655	4.3205301	0.2504492
0.3389375	2.4882313	4.260928	0.2512889
0.3342863	2.485155	4.482296	0.2489554
0.308094	2.3715405	4.0511749	0.2480418
0.3263687	2.4419466	4.0364983	0.2668606
0.3319426	2.4297262	4.0664928	0.2568449
0.3151091	2.220944	4.8870968	0.1948529
0.3330421	2.376732	5.2113344	0.2067158
0.3425683	2.3560464	5.3262199	0.207413
0.3222696	2.1778094	4.799273	0.2318634
0.3167086	2.1777848	4.5827565	0.2216803
0.3235434	2.2525798	4.8064772	0.2193999
0.3034904	2.0698087	4.1023467	0.2313153
0.3029769	2.0628672	4.1284763	0.2420682
0.2959105	2.0505401	4.1506559	0.2287809
0.2961664	1.9831697	3.6741468	0.2398317
0.3010802	1.9549529	3.6196277	0.2364974
0.3107318	1.9955576	3.7886369	0.2405892
0.3227323	1.9665376	3.4375	0.2558075
0.3189873	2.0185654	3.457384	0.259353
0.3212507	2.0110681	3.4997233	0.2700609
0.4058618	2.9214348	5.167979	0.2071741
0.3885837	2.8625751	5.1941631	0.2234335
0.4005615	2.9681551	5.3508202	0.2087902
0.3483463	2.6249012	4.7275087	0.2058923
0.3500507	2.6345092	4.7356024	0.2105263
0.34391	2.5980851	4.7646404	0.2039635
0.3119617	2.4397813	4.256596	0.2255639
0.299948	2.317768	4.1501041	0.2046046
0.305906	2.4157047	4.3385235	0.2067114
0.2662232	2.0296885	3.3874108	0.2152823
0.2624309	2.0004875	3.459701	0.2167696
0.2584288	2.0281506	3.5425532	0.2140753
0.2612851	1.8928426	3.0618137	0.2163481
0.2611643	1.9009171	3.0163477	0.2127193
0.2579095	1.860032	2.9385262	0.2182619
0.3499291	2.7286499	4.1909107	0.1929483
0.3552061	2.7161063	4.3790672	0.2002892
0.3623775	2.7149537	4.4433055	0.1972844
0.3021324	2.385073	3.7062851	0.2161616
0.3083277	2.4265671	3.8170401	0.1981217
0.3065156	2.4286686	3.8435127	0.2010198
0.2660969	2.0092593	3.1618234	0.1876068
0.264008	2.0038593	3.1037736	0.1851058
0.2681539	2.0950741	3.3070819	0.2039227
0.2557789	1.9613065	2.858794	0.1844221
0.2513504	1.9444632	2.8549966	0.1890614
0.2960855	2.018279	2.9686153	0.1969305
0.2843468	1.7582583	2.5549925	0.1991366
0.2362072	1.7110529	2.5455396	0.1731812
0.2158434	1.7429637	2.5280522	0.193849
0.3372209	2.5593799	5.0483573	0.2331105
0.3322526	2.6344798	4.9674373	0.2117282
0.3411731	2.710598	5.2314642	0.2199914
0.3073797	2.270156	4.4483095	0.2090377
0.3237291	2.4051995	4.5669813	0.2164266
0.3265445	2.4903259	4.5624576	0.2279362
0.3040487	2.3044418	4.0023585	0.2183569
0.3131732	2.435377	4.2584921	0.2386081
0.305141	2.425995	4.0068408	0.2549751
0.2843299	1.9815646	3.203498	0.2273694
0.311242	2.083947	3.0770741	0.2358861
0.3101233	2.2291881	3.4964029	0.2479445
0.3361095	2.1311719	2.9997026	0.2468769
0.2952354	2.0340329	2.9699376	0.2694271
0.3315987	2.0797918	3.0471234	0.2437121
0.3933145	2.8026365	4.7707156	0.2431262
0.3945253	2.9535796	4.8204441	0.2451187
0.3904708	2.9729499	4.8914199	0.2479119
0.3691723	2.7545836	4.4518072	0.25956
0.3577769	2.6512286	4.261675	0.2531841
0.3508338	2.7055758	4.2257686	0.2569046
0.3285691	2.4931749	3.9805685	0.2590332
0.3311952	2.4336671	3.8973717	0.2728411
0.3092155	2.4373191	3.6310739	0.2699162
0.3102041	2.2869388	3.3071429	0.2555102
0.3131926	2.379469	3.3290822	0.25507
0.3353572	2.2837482	3.1631249	0.2620927
0.3052967	2.2103973	3.0296714	0.293281
0.3237519	2.2884518	3.1701967	0.2818961
0.3081578	2.1907528	3.0232389	0.2725732
0.4418816	2.7056052	4.760086	0.2220569
0.4478246	2.8413902	4.975746	0.2237873
0.4312286	2.7622777	4.4561103	0.2198564
0.3868224	2.5810841	4.3190066	0.2362214
0.3879125	2.541558	4.6016555	0.2410704
0.3814774	2.484785	4.5684675	0.2363837
0.3631642	2.4067119	4.0922893	0.2614196
0.3448368	2.3893404	4.126449	0.2378414
0.3519732	2.3755184	4.2589967	0.2406689
0.3350822	2.2378454	3.8279119	0.2453655
0.3384396	2.2465265	3.8338083	0.2508016
0.3381399	2.3102019	3.6425739	0.2530642
0.3129386	2.1298246	3.5010965	0.2635965
0.3265896	2.1542908	3.4513117	0.2712317
0.3061821	2.0597327	3.3966165	0.2520886
0.3084903	2.6146601	4.3296478	0.2304122
0.289044	2.4956545	4.329734	0.226758
0.3218485	2.6013126	4.6173093	0.230927
0.2995336	2.5044049	4.1615132	0.2342373
0.2974116	2.4691254	3.8279479	0.2373541
0.2830406	2.4156953	4.0807749	0.2326383
0.3167019	2.5589852	3.7150106	0.2454545
0.2945768	2.4213229	3.8841413	0.2545193
0.2813166	2.2993224	3.7225557	0.2662149
0.343385	2.5509372	3.4371095	0.271937
0.3262101	2.4250772	3.6519053	0.2754892
0.3252075	2.4053423	3.6268154	0.2691909
0.3245505	2.349349	3.2203968	0.2991321
0.3659864	2.5653061	3.457483	0.3265306
0.3623898	2.5106105	3.5223637	0.3176624
0.2818718	2.4859339	4.3415672	0.2562097
0.2983758	2.4810977	4.7126855	0.2495099
0.3037058	2.5240664	4.6093994	0.245492
0.2933538	2.3097557	3.9256791	0.2562788
0.3048314	2.3757386	3.8835593	0.2572124
0.2982825	2.3696109	2.3506835	0.2478093
0.3001508	2.272786	3.4878259	0.2863607
0.2994583	2.2916576	3.671506	0.2706392
0.2944625	2.2716612	3.7094463	0.2627579
0.3043478	2.1389839	3.2071324	0.2777235
0.2996292	2.1461063	3.2788628	0.2561187
0.3215892	2.1801599	3.1846577	0.2743628
0.3171875	2.13875	3.045	      0.314375
0.3176873	2.1156357	2.917936	0.3108486
0.3463542	2.1861979	3.0950521	0.3138021
0.2654676	2.3868705	4.5524281	0.2165468
0.1151814	2.2844311	4.2993131	0.2090525
0.2668971	2.2617978	4.3423509	0.2088159
0.232139	2.0327726	3.8811449	0.2043915
0.2551724	2.0449918	3.7133005	0.1960591
0.2394521	2.0444932	3.6267397	0.2015342
0.2210289	1.8809334	3.3843808	0.1946433
0.2173856	1.8060131	3.1833987	0.2057516
0.2222367	1.8378519	3.2488269	0.193952
0.2123868	1.6704645	2.8196027	0.1701724
0.1981587	1.6349554	2.7268742	0.1795996
0.2201398	1.7927255	3.0250953	0.1994917
0.1859795	1.4033291	2.2909731	0.1646927
0.1972707	1.496977	2.4738297	0.1696321
0.2286437	1.6876824	2.7038334	0.1860284
0.2945848	2.1130686	3.8131408	0.2314801
0.2905896	2.1488527	3.8806274	0.2335173
0.2794735	2.0981518	3.4819378	0.2346682
0.2826616	1.9451008	3.3052467	0.2388812
0.2849841	1.9497709	3.1436376	0.2650687
0.258192	1.8000988	3.0088918	0.2372798
0.2694073	1.8852254	2.9192404	0.2464524
0.2527429	1.8116896	2.7079593	0.2248155
0.2480016	1.7835731	2.8341327	0.2416067
0.3086486	1.9232432	2.8132432	0.2759459
0.2800104	1.8671712	2.7400835	0.2836639
0.2679834	1.7247013	2.4623263	0.2633504
0.3172572	1.8536745	2.5528215	0.3412073
0.2837139	1.7010654	2.3327245	0.2730594
0.2721948	1.7204069	2.2053021	0.2953144
0.2667248	2.0378127	3.8305701	0.2193136
0.26	      2.0748905	3.6554745	0.2205839
0.2470907	1.8665765	3.470636	0.2142084
0.2683943	1.9775281	3.2205509	0.2361363
0.267684	1.9669659	3.2655296	0.2267504
0.2392069	1.7121842	2.9056604	0.2163415
0.3138345	1.8605427	2.875 	0.2350979
0.26097	1.769683	2.6338442	0.2284275
0.2491357	1.6762253	2.6408379	0.249339
0.3373984	2.0603502	3.1419637	0.300813
0.3244698	2.079139	3.1823362	0.3279519
0.3016393	1.885842	2.8682563	0.2923994
0.397491	1.9874552	2.9795699	0.321147
0.3359482	1.8939291	2.6637108	0.2854707
0.3427146	1.9800499	2.8386177	0.3085144
0.3279842	2.6590544	5.3477348	0.2340452
0.2910238	2.4215565	4.7872508	0.2052033
0.2917961	2.4593257	4.8114141	0.2165459
0.3244191	2.3689902	4.2897852	0.2253398
0.2858324	2.199559	4.06629	0.206312
0.2750208	2.2201275	3.9233435	0.2101469
0.3167036	2.2887792	3.9077133	0.222033
0.2633679	2.0788508	3.51668	0.211652
0.2656275	2.1144666	3.7152135	0.2135087
0.2769416	2.0309051	3.3078467	0.218543
0.2637131	1.9581895	3.0947449	0.2126966
0.2581552	1.8886389	2.9898763	0.2026622
0.3207547	1.9617804	2.9963716	0.2402032
0.280268	1.8784658	2.8426525	0.2204251
0.2808989	1.875	      2.7696629	0.2366573
0.2908765	2.3973603	5.0709892	0.214121
0.3091839	2.5223539	5.0939941	0.2265015
0.2882977	2.4151487	4.7558642	0.2066571
0.3112517	2.3670107	4.6890812	0.2185419
0.2843691	2.2106089	4.0764281	0.2062147
0.2795543	2.2382106	4.0600775	0.2036499
0.2673422	2.1221746	3.8125487	0.2252533
0.281417	2.1197309	3.5834158	0.2020582
0.3153293	2.0514863	3.6343501	0.215271
0.312906	1.9051537	3.228887	0.2291035
0.2975786	1.9918534	3.2367051	0.2009504
0.2676621	1.9449521	3.0846891	0.2288834
0.2682366	1.8385985	2.6134406	0.1932797
0.3168589	1.641955	2.3964854	0.1952224
0.3320218	1.8296005	2.6921913	0.2091404
0.3055884	2.2314267	3.6508876	0.2230112
0.2996982	2.2141451	3.7111928	0.1977431
0.2967562	2.1578814	3.6064369	0.1964014
0.2864023	2.1040295	3.1865468	0.2180125
0.2891509	2.0906484	3.3186235	0.1949976
0.2802876	2.0379866	3.1839925	0.2100985
0.2769613	1.9662149	3.0080168	0.2208437
0.2656103	1.8971892	2.8947368	0.2001509
0.2761441	1.9674781	3.0833496	0.2192795
0.2906919	1.9333001	2.7837232	0.2346939
0.2747017	1.8768496	2.6818616	0.1973747
0.2495967	1.8151648	2.5291542	0.1963586
0.3032258	1.9167742	2.633871	0.2274194
0.2844801	1.8392471	2.5458192	0.2116631
0.2786694	1.7084914	2.3414065	0.2103881
0.3378578	2.5894369	4.2838328	0.2714689
0.3371491	2.5863996	4.2146361	0.2589261
0.3717967	2.8143213	4.5737297	0.2776395
0.319888	2.4794205	3.9282186	0.2548568
0.3319185	2.5495756	4.0073005	0.2684211
0.345114	2.6253755	4.2040997	0.2731931
0.3027714	2.3746614	3.5957491	0.2733903
0.3094267	2.4262401	3.8065278	0.2729225
0.3034197	2.3695337	3.3552332	0.264456
0.3101315	2.3454499	3.3034287	0.320959
0.3639344	2.5519126	3.7	      0.2959016
0.3177283	2.3855206	3.2202609	0.2778204
0.2686881	2.2581807	3.0849595	0.2870009
0.2583774	2.2795414	3.0146972	0.2674897
0.3318214	2.7323796	3.6905094	0.3279833
0.3372065	2.5082997	4.5177852	0.2280057
0.3474002	2.5448609	4.586578	0.2379686
0.3552165	2.56423	4.4846227	0.2267566
0.3161562	2.375381	4.0364349	0.2287705
0.3234821	2.4403804	3.8029261	0.2362838
0.3070151	2.3040805	3.7722191	0.2295975
0.2814392	2.186127	3.3639509	0.2371562
0.2927048	2.301667	3.6845313	0.2455637
0.3039519	2.2873793	3.7118922	0.2442178
0.2463138	1.8780718	2.8495274	0.2357278
0.2919708	2.1268785	3.0446544	0.2524689
0.2882427	2.0783818	3.0935525	0.2492625
0.2799595	1.9668102	2.8284773	0.2819863
0.3170249	2.2087104	3.0602376	0.2944005
0.3387311	2.0525617	2.884789	0.2909477
0.4149799	2.7061079	5.2562639	0.2609897
0.4243253	2.8037017	5.5343727	0.2694201
0.4447597	2.9182609	5.7177117	0.2904348
0.3908459	2.5210892	4.9673233	0.2755504
0.3891756	2.5140466	5.0705194	0.2718725
0.4145476	2.6723832	5.6918983	0.2835009
0.3496706	2.1076651	4.2251326	0.2816969
0.3619813	2.21732	4.412498	0.2962113
0.3851111	2.3693403	4.9796507	0.3015092
0.3794764	2.0573822	3.8347644	0.2948691
0.3670436	2.1009213	4.0291039	0.2927136
0.3720244	2.1950706	4.3812934	0.3008216
0.3387691	1.9710679	3.3290373	0.3158864
0.3577643	2.0234643	3.5607698	0.3163723
0.3464709	2.0316847	3.5950541	0.321999
0.4190171	2.8592317	5.3210763	0.229538
0.4328929	2.9396732	5.3849096	0.2344402
0.4632568	3.0906835	5.5761014	0.2443046
0.3644717	2.5343386	4.6052539	0.2343032
0.3761718	2.584431	4.7869942	0.2408924
0.3909981	2.6664279	5.1018386	0.2443887
0.3392678	2.3095477	4.2321608	0.2333094
0.3509778	2.414939	4.3839141	0.2401117
0.3696033	2.5014586	4.6156651	0.2488331
0.3204704	2.1111724	3.1661154	0.2289599
0.3115411	2.0116806	3.2339609	0.2160042
0.3238971	2.1693015	3.4685662	0.2380515
0.2970276	2.0049886	3.0783621	0.2375805
0.3129436	2.0574113	3.2375783	0.2306889
0.3080902	2.0597972	3.2793296	0.243534
0.3608175	2.4802175	4.4742777	0.1644015
0.347359	2.4685169	4.5037302	0.1774595
0.3666701	2.556628	4.6661875	0.1862614
0.3268497	2.2584541	4.1003051	0.1881515
0.3257724	2.3146917	4.1663408	0.1926737
0.3389315	2.3984396	4.2002116	0.2228247
0.3073905	2.1932636	3.8337148	0.0794637
0.3220779	2.1654221	3.7202922	0.075487
0.3169866	2.1632521	3.7207614	0.063236
0.3436337	2.4311243	3.6688384	0.2185406
0.353086	2.4644074	3.7232109	0.1215449
0.34039	2.4363974	3.6597957	0.086351
0.3515513	2.5564002	3.7162523	0.1651942
0.3608356	2.6729268	3.873813	0.1842161
0.3722597	2.6876054	3.8931282	0.1913997
0.3979228	2.7553554	4.8808828	0.1249594
0.4104832	2.8167076	4.9834562	0.1291564
0.4007324	2.7650056	4.9563764	0.1209998
0.3320774	2.4736787	4.3482993	0.1486133
0.3272952	2.4458625	4.2973446	0.1523261
0.3265095	2.450062	4.4627792	0.1723532
0.2944777	2.2628491	3.8639204	0.1492157
0.2993462	2.2476741	3.9107367	0.148353
0.2990937	2.2184038	3.9444864	0.1602467
0.2779697	2.1109776	3.6036942	0.1624869
0.2725613	2.0876579	3.6659565	0.1412266
0.2703065	2.0630765	3.6239215	0.1536745
0.2556561	1.8684012	3.0499623	0.1359351
0.2488806	1.8472015	3.0845149	0.1378731
0.2507837	1.8191038	3.0466531	0.149917
0.4370483	3.1260936	6.0038037	0.2097756
0.4262598	3.0295885	5.8320851	0.2027739
0.4244977	2.9831497	5.8439033	0.2031293
0.3969277	2.8276759	5.305005	0.214445
0.3824481	2.7133437	5.2437358	0.2116053
0.3703355	2.6375515	5.015774	0.2064744
0.3544444	2.4628571	4.6766667	0.215873
0.3459627	2.4479814	4.3423913	0.2180124
0.31762	2.214142	4.1441506	0.201351
0.3739021	2.6838143	5.0363864	0.2570054
0.3577398	2.5167131	4.499801	0.2317947
0.3598575	2.5376089	4.5387965	0.2325812
0.4437897	3.0751029	5.8675645	0.187804
0.4402908	3.037572	5.931653	0.1819126
0.4452067	3.0063045	5.834415	0.1865381
0.4971599	3.7576413	8.4825534	0.2345145
0.3400286	2.5880057	5.9447882	0.1613517
0.4012651	3.0833813	7.1207591	0.2017251
0.4541978	3.3378221	7.0317539	0.2347465
0.3203511	2.4088773	5.2219337	0.1772997
0.3851558	2.9518937	6.4651802	0.2121258
0.3762631	2.9869229	5.8074103	0.2332078
0.2517112	1.9084334	3.7931034	0.1532998
0.338774	2.6532463	5.4124048	0.2074719
0.352427	2.5760294	4.4812514	0.2403957
0.204932	1.5481859	2.7429138	0.1361961
0.3232432	2.3176216	4.2467027	0.2227027
0.3756656	2.2907348	3.8985623	0.2066028
0.3019286	1.8880514	3.2828641	0.1746841
0.2905848	2.1977446	3.8738526	0.2331498
0.4385041	3.1747432	4.1583487	0.2057545
0.419144	2.9874301	3.9687009	0.1933882
0.4016512	2.8891768	3.8068579	0.1885621
0.3548307	2.6994784	4.4029307	0.2106963
0.3448164	2.6887412	4.1727324	0.2096944
0.3106038	2.3934462	3.9405744	0.1854934
0.3188157	2.4250202	3.94038	0.1990703
0.3046254	2.3450849	3.6775017	0.198468
0.2986275	2.3316667	3.8272549	0.1940196
0.2816128	2.1487954	3.2581451	0.1953564
0.2629147	1.9599526	3.186019	0.2021327
0.2540591	1.9587665	3.1693727	0.1803528
0.2788171	2.0641219	3.1048582	0.1926675
0.2542989	1.9247868	2.8673284	0.1835593
0.2643184	1.9189576	2.9889748	0.1857102
0.3836988	2.7368128	5.0124722	0.2175882
0.3661198	2.9410472	4.9357092	0.2115551
0.3693855	2.8433406	4.9138334	0.2086712
0.3147188	2.5888512	4.3951935	0.2020343
0.311226	2.4910758	4.1727299	0.1976007
0.3042705	2.5234282	4.2336892	0.1949387
0.286519	2.3412192	3.7828264	0.2012768
0.2853451	2.3338255	3.6480866	0.2122554
0.2785328	2.237282	3.4711966	0.1920625
0.2676855	2.17268	3.2357019	0.191429
0.2637228	2.1001227	3.0602576	0.1953389
0.25138	2.0176041	2.9370431	0.1829032
0.2492832	2.0419355	2.9379928	0.1865591
0.2608244	1.9603395	2.795982	0.1989955
0.2463122	2.0041166	2.6545455	0.1718696
0.335251	2.3561715	5.0591004	0.2501743
0.3412232	2.3211818	5.1214582	0.2442985
0.326874	2.2955975	4.8765936	0.2466429
0.3393186	2.4468232	4.6130295	0.2732505
0.3429538	2.3986471	4.6685457	0.2730552
0.3345709	2.2956978	4.3939725	0.2572614
0.3132929	2.2324876	4.168781	0.2705461
0.3096862	2.2324693	3.7658936	0.2755798
0.3369963	2.2679628	3.7943083	0.2826148
0.3296625	2.2401421	3.7079929	0.3069272
0.3039544	2.1692359	3.4175603	0.2922252
0.2962963	2.1124339	3.4814815	0.2847222
0.3562331	1.9594751	2.9347742	0.2906214
0.3688833	2.1166876	2.8017566	0.3140945
0.3444109	1.9169184	2.7246979	0.3111782
0.3197861	2.5969442	4.4473644	0.2271963
0.3152141	2.6267841	4.4734285	0.2320073
0.3213797	2.6064428	4.6818113	0.2282328
0.3148182	2.4145106	4.0047042	0.2297811
0.3225866	2.5278859	4.099685	0.2427274
0.3154639	2.6112465	4.2427366	0.2382381
0.3120713	2.3689986	3.5761317	0.2434842
0.3080092	2.3922197	3.7389016	0.2363844
0.3224629	2.3890536	3.763512	0.2513113
0.3096	2.2226667	3.2197333	0.2581333
0.3143919	2.2365905	3.2804036	0.2543813
0.3140032	2.2295564	3.409674	0.2447889
0.308646	2.0845024	2.8316476	0.2701468
0.3196748	2.0949594	2.8744715	0.2520325
0.2993016	2.1183904	2.9876954	0.2514134
0.3958382	3.1068657	5.9146485	0.2636962
0.3888695	3.1477471	5.7535219	0.2640587
0.3939572	3.164237	5.9197037	0.2660475
0.3694496	2.9669493	5.44561	0.2582268
0.3663743	3.0133041	5.3782164	0.2668129
0.3583476	3.0388794	5.5769011	0.2630074
0.3388415	2.8467405	4.9921918	0.2618486
0.331227	2.7089696	4.926277	0.2841847
0.3371551	2.7884271	4.8797922	0.2916517
0.3204896	2.6536718	4.3386219	0.2692656
0.2933646	2.4860252	4.2871773	0.2890975
0.4172214	2.5522869	4.2690573	0.2647627
0.3159204	2.4900498	3.710199	0.2748756
0.3031219	2.551863	4.0490937	0.3134441
0.3185534	2.5296012	4.0559822	0.2880852
0.3334632	2.6329048	4.3469679	0.2219192
0.335432	2.6482251	4.8746149	0.2359009
0.3372232	2.6407638	5.1170932	0.2450603
0.2106268	1.6715452	2.6661364	0.1585534
0.3265072	2.5422674	4.23673	0.2378768
0.3307138	2.5442043	4.5034381	0.2342829
0.2948621	2.2351719	3.5519456	0.2287495
0.2975697	2.3562537	3.8605019	0.2373049
0.2982283	2.3753937	3.7114173	0.2468504
0.302457	2.27543	3.3226044	0.2498772
0.3218011	2.3612312	3.4199949	0.2747393
0.3165208	2.4078744	3.5460628	0.2745754
0.3239437	2.2715013	2.8237938	0.2840875
0.3305633	2.3644198	2.9556787	0.2782395
0.3300595	2.2511905	3.08125	0.2979167
0.3301627	2.8946183	4.8765957	0.2236546
0.3337966	2.9897663	5.3476943	0.2255212
0.3446925	3.0462201	5.565348	0.2316229
0.3106178	2.7061472	4.6699783	0.2239988
0.3072747	2.7046688	4.6393671	0.223825
0.3148119	2.7742499	4.8939514	0.2327354
0.3274832	2.510829	3.9346527	0.2206871
0.2934566	2.4788835	3.9177089	0.2249411
0.3110251	2.6460348	3.9603482	0.2479691
0.2940026	2.3898305	3.3896132	0.2301173
0.3128931	2.4669811	3.7807727	0.2443845
0.310141	2.4924966	3.7273761	0.2514779
0.3097419	2.3230641	3.155426	0.2550652
0.2824134	2.2223363	2.9982028	0.2598203
0.3663194	2.4484954	3.2387153	0.2581019
0.3318171	2.7045727	4.1969117	0.1940388
0.3219309	2.6818832	4.1969011	0.1853397
0.3251816	2.7100484	4.296368	0.1924939
0.3064467	2.4434019	3.5520581	0.1938559
0.3065571	2.4597596	3.5723414	0.189107
0.295143	2.4135876	3.5971395	0.1859356
0.2760538	2.2880717	3.1872646	0.1888789
0.2851662	2.2652539	3.2500913	0.1892583
0.2885846	2.2548009	3.166963	0.1874111
0.269697	2.1381818	2.8262626	0.1868687
0.2689125	2.0695429	2.712766	0.1849882
0.2957011	2.1480514	2.9234632	0.1884291
0.2645228	2.0018154	2.5199689	0.2261411
0.2597874	1.9976666	2.5579466	0.1962665
0.2760847	2.0036157	2.517562	0.2040289
0.3501525	2.8623538	4.5617692	0.2372903
0.3615856	2.9376711	5.005607	0.2418829
0.3577526	2.8575615	4.5492419	0.2369729
0.32768	2.64128	4.25088	0.24064
0.3074205	2.528499	4.1439545	0.2273775
0.3096886	2.6193772	4.1286568	0.2315193
0.2978979	2.595996	3.9703704	0.2494494
0.2871756	2.4595567	3.8787649	0.2487213
0.3047219	2.491493	3.8063468	0.2460333
0.2975504	2.548511	3.6116715	0.259366
0.2945318	2.4841586	3.7310491	0.2443088
0.2968273	2.4618096	3.6484136	0.2568743
0.2979369	2.4751214	3.4493325	0.2748786
0.2958598	2.4421275	3.3493503	0.2813539
0.2865029	2.2528291	3.1446315	0.2715981
0.387528	2.8696276	5.2249439	0.2192014
0.4009818	2.9365506	5.3341979	0.2311041
0.4053283	3.0629876	5.5604186	0.2310181
0.3457976	2.6945323	4.5368278	0.2192725
0.3424281	2.7310558	4.5304368	0.2226298
0.3635487	2.900675	4.954677	0.2378255
0.3174105	2.4574362	4.0089833	0.2389847
0.3234651	2.4751349	4.3497156	0.231734
0.3420619	2.6378872	4.5063594	0.2319318
0.2272917	1.9339268	3.1744332	0.2000278
0.2505744	1.9965537	3.0169443	0.2189833
0.2855939	2.2965459	3.7631003	0.2291491
0.231018	1.8094995	2.7865169	0.2136534
0.238121	1.8896116	2.9130985	0.2104788
0.2846154	2.175052	3.4016632	0.2659044
0.2631696	2.0771875	3.6797161	0.1853166
0.2537644	2.0515943	3.4580381	0.1986271
0.2410875	1.9967206	3.486618	0.1839628
0.2644709	2.059986	3.420042	0.1844429
0.2484833	1.9261409	3.2298866	0.1936165
0.2372485	1.904867	3.1047372	0.1885788
0.2509309	1.8983325	3.0187793	0.1949166
0.2428776	1.8734681	2.9917237	0.1976763
0.2297081	1.7254247	2.6998693	0.1748221
0.2622418	1.8245983	2.756886	0.2039021
0.2511038	1.7597498	2.6184695	0.2032745
0.2303946	1.6052057	2.3539882	0.1748111
0.2424917	1.5842047	2.1888765	0.1895439
0.2159686	1.5545375	2.138089	0.1854276
0.2300758	1.4402786	2.0141364	0.1852079
0.3946636	2.5883568	5.1609918	0.2258557
0.4081669	2.6434558	5.1500535	0.2224501
0.3843665	2.4782016	4.9414169	0.2327997
0.3554449	2.298053	4.7892235	0.2187005
0.3496153	2.4053753	4.7545444	0.2364224
0.3575865	2.338953	4.7837178	0.2199423
0.3380587	2.1254159	4.4672356	0.2359323
0.3469388	2.2929085	4.5420643	0.2246366
0.3554181	2.4019435	4.5597762	0.2343934
0.3757159	2.2632684	4.1968309	0.2418862
0.3508772	2.3121265	4.2326971	0.2490842
0.3562041	2.3527252	4.2118284	0.2549285
0.3861893	2.1575021	3.8407928	0.2728048
0.342094	2.2061966	3.9527778	0.2532051
0.3470539	2.1796908	3.9149603	0.2551191
0.3649528	2.6030611	4.2076803	0.2025479
0.3661489	2.7036119	4.4842276	0.197465
0.3840488	2.6625642	4.6063572	0.2037988
0.3243646	2.3202427	3.6212503	0.198649
0.3359763	2.3792899	3.6416568	0.2178698
0.3348267	2.3279887	4.0180382	0.2064372
0.3124355	2.2913409	3.594778	0.2071102
0.3270566	2.4079333	3.6271029	0.2094459
0.3131068	2.2597087	3.6946299	0.2175364
0.3010438	2.1331258	3.0644571	0.2153452
0.3279375	2.2178633	3.5216149	0.2365264
0.312754	2.1846332	3.676795	0.2252758
0.2783193	2.0972493	2.8975525	0.2222222
0.2940182	2.0141619	3.1344325	0.2117945
0.2789101	2.0268183	3.2812701	0.2008153
0.3279803	2.6526108	4.2015764	0.1902463
0.3411026	2.696291	4.180077	0.1945683
0.3419296	2.6622168	4.5813107	0.1986246
0.3114651	2.4502007	3.8272704	0.2000753
0.3186586	2.4792179	4.0449307	0.2034184
0.3168545	2.4862961	3.8666752	0.2009477
0.2949309	2.2519201	3.3225806	0.2044547
0.2905231	2.1884761	3.5006823	0.2031842
0.3074726	2.3465017	3.6127241	0.2119626
0.2793195	1.9098117	2.6866535	0.1904526
0.2491668	1.7995556	2.3586732	0.176956
0.2683773	1.9937587	2.7468793	0.1992025
0.3223443	2.1966575	3.1556777	0.2435897
0.2514316	1.72602	2.3775948	0.1879026
0.2634185	1.8968113	2.4589028	0.2083581
0.261531	1.7891814	2.9917894	0.1819609
0.2505913	1.8359268	3.2390141	0.1817503
0.2576823	1.9540365	3.2813802	0.1949219
0.2330234	1.6370809	2.612426	0.1849817
0.2410557	1.7202346	2.7278592	0.1870968
0.2559663	1.7856809	2.8486976	0.198253
0.2287848	1.4419552	2.1036999	0.1843177
0.2373766	1.6033166	2.5094094	0.1975033
0.2434363	1.6337838	2.580888	0.2096525
0.2312568	1.4994536	2.0863388	0.2087432
0.2514151	1.5648585	2.3195755	0.2247642
0.255	      1.6035714	2.3566667	0.2461905
0.2933713	1.4658208	2.0398757	0.2102538
0.2531472	1.5547345	2.1412151	0.2238643
0.2904391	1.569483	2.217343	0.2292941
0.2804585	2.0806452	3.8503066	0.181285
0.2749168	2.0525615	3.8089155	0.1834997
0.29375	2.0454787	3.7829787	0.175133
0.2644897	1.9435801	3.3804069	0.1860147
0.2595511	1.9386671	3.418023	0.1882817
0.2533535	1.9223675	3.2426224	0.184943
0.2353594	1.7950311	2.7728483	0.1878882
0.2408332	1.719028	2.6541549	0.1883272
0.2559484	1.7553925	2.7295975	0.203469
0.296879	1.6966727	2.5731235	0.1939644
0.2409149	1.6886912	2.5036849	0.192122
0.2410507	1.7118208	2.5820242	0.2196755
0.2755418	1.5201238	2.2133408	0.1812553
0.2356237	1.5726924	2.2527278	0.1890298
0.22777	1.5096774	2.2042076	0.1786816
0.3198683	2.4853381	4.1028326	0.1786355
0.3111507	2.4489008	4.0014854	0.1752822
0.3232816	2.4248516	3.8161019	0.1745166
0.3014109	2.2639531	3.6461481	0.1844175
0.2860985	2.2395158	3.4232791	0.1785059
0.2790782	2.2423287	3.2855064	0.1744087
0.2741843	2.1141958	3.283486	0.1781626
0.2646813	2.0782076	3.0144726	0.1703312
0.2698125	1.9622495	2.8395604	0.1750485
0.3031993	1.9852338	2.9453651	0.1791632
0.2483587	1.9444355	2.7983987	0.1690953
0.2619258	1.8508539	2.5441696	0.1575383
0.2496879	1.6872659	2.3256346	0.181856
0.2327907	1.6163954	2.1508139	0.1580702
0.2137022	1.5408466	2.0532863	0.1524322
0.4666728	3.100855	5.7830284	0.2206491
0.4458404	2.937988	5.5857489	0.2160101
0.432996	2.8706159	5.4067353	0.2132263
0.3885742	2.6321562	4.9720381	0.23394
0.381541	2.5967355	4.6521843	0.2306769
0.3780012	2.5583678	4.5712596	0.2261384
0.3763505	2.5441764	4.7257659	0.2470031
0.3612372	2.4206867	4.3830874	0.2397843
0.3481973	2.3784223	3.9727568	0.2235023
0.3274537	2.2813482	4.0943067	0.2273839
0.3329116	2.3327309	3.8143864	0.2490511
0.3143336	2.1943001	3.4994132	0.2295054
0.3267488	2.1872055	3.7232693	0.2279812
0.3217344	2.1794498	3.7937694	0.2388413
0.3187166	2.1326203	3.7044563	0.2324421
0.415447	3.046875	5.5469739	0.2186511
0.3907783	2.8682481	5.1301324	0.2145375
0.3841085	2.8674434	5.0533855	0.2166937
0.3442786	2.4378109	4.5334577	0.2126866
0.3422645	2.3597975	3.9962958	0.2152118
0.3243372	2.321113	4.1417483	0.2027705
0.3191427	2.2439131	4.1541041	0.2132964
0.3090067	2.2325514	3.8176948	0.2166232
0.2948984	2.1328633	3.787087	0.2003318
0.3306655	2.3751053	4.2093513	0.2727464
0.3171118	2.1509397	3.6296736	0.2551929
0.3223305	2.1942732	3.7389143	0.2310599
0.3264184	2.2691827	3.8270432	0.2749313
0.2901193	2.0191312	3.2115688	0.236777
0.3608933	2.0971727	3.537895	0.2456641
0.417844	2.9471647	5.3656861	0.2152119
0.4181375	2.9605071	5.3372989	0.2130668
0.4149492	2.8872637	5.3769589	0.2181594
0.3779158	2.7016988	4.782074	0.2345335
0.3908854	2.6703125	5.059375	0.2388021
0.3876383	2.7577098	5.2009109	0.2407287
0.3442993	2.4771811	4.5955491	0.2396388
0.3514393	2.5269149	4.5217108	0.2460563
0.3458254	2.4788109	4.5098039	0.2386148
0.3359818	2.2258797	3.6679909	0.2311767
0.3314501	2.2566855	3.9596987	0.2483992
0.3650029	2.3081519	4.0156099	0.2435922
0.3248594	2.1651294	3.4566929	0.247919
0.3318767	2.2134315	3.5565777	0.24908
0.3297458	2.2450195	3.4911839	0.2573849
0.3420995	2.6269096	4.110323	0.2171541
0.3422184	2.5457868	4.0528805	0.227859
0.3536985	2.5861881	4.1514292	0.2227798
0.3116453	2.2870304	3.6068807	0.2236937
0.3254508	2.3649128	3.5727165	0.2284954
0.3109373	2.2927783	3.5060763	0.2595335
0.3389026	2.3734574	3.5568635	0.2508069
0.3301869	2.3594299	3.4706644	0.2415325
0.3159034	2.3175261	3.4150739	0.2392715
0.3210247	2.1553196	3.0163859	0.2737134
0.3596244	2.1943662	3.1241784	0.2453052
0.3285816	2.2915182	3.0803041	0.2639582
0.3509897	2.1207137	2.6827432	0.2748815
0.3319908	2.1749137	3.023878	0.2816456
0.3540104	2.194172	2.8897865	0.271206
0.3335758	2.6704242	4.6573333	0.2632727
0.3017037	2.4901275	4.046711	0.2426943
0.2961445	2.4392865	3.8954133	0.2385331
0.3130854	2.3911439	3.9375532	0.2442521
0.3022819	2.4546505	3.8948585	0.2521664
0.2839945	2.3212038	3.6850889	0.2426813
0.3024433	2.3783595	3.6837696	0.2591623
0.2791646	2.2295644	3.3904389	0.2336433
0.2966491	2.2419514	3.4324901	0.2496715
0.2781004	2.1648693	3.2936541	0.2617171
0.2705118	2.1131194	3.0978879	0.2644192
0.2745098	2.0876351	2.9061625	0.2593037
0.3101157	2.0930347	2.8825991	0.2739355
0.2627563	1.9980925	2.5822604	0.2610873
0.2940739	2.1009174	2.6077362	0.2873791
0.3441403	2.7759366	5.4716619	0.2498799
0.3286038	2.704662	5.2966496	0.2449028
0.3118773	2.356879	4.7195791	0.2351953
0.3156082	2.450613	4.4069431	0.260642
0.3194544	2.5217516	4.6501077	0.2383345
0.2889434	2.2535521	4.0678119	0.2162232
0.3162983	2.378971	4.2367058	0.2508633
0.3070693	2.3374388	4.0845284	0.2434621
0.2829276	2.1812026	3.8539416	0.2273094
0.295845	2.189972	3.3637635	0.2371155
0.2952117	2.0949743	3.4400475	0.2398101
0.2863006	2.0439711	3.3124878	0.2186828
0.3070884	2.0785038	3.1491572	0.238513
0.3034026	2.1086957	3.1840737	0.2733932
0.2982981	2.0158694	3.0393284	0.2359706
0.3553069	2.7350935	4.7510054	0.253366
0.3338946	2.6181175	4.6268732	0.243307
0.32032	2.41296	4.0896	0.22848
0.3479861	2.5240237	4.1398487	0.2443263
0.3701352	2.4438755	3.9551413	0.2531749
0.3125607	2.3055717	3.874005	0.2234518
0.3287503	2.3874294	3.4497913	0.2457648
0.3474621	2.3976975	3.5805861	0.2812664
0.2877193	2.12	      3.2631579	0.2411696
0.3178736	1.9685381	2.7914293	0.2256577
0.3198498	2.0973707	2.899451	0.2398151
0.2952913	1.9130088	2.7153498	0.2537909
0.2944694	1.8430493	2.5521674	0.2355755
0.3074303	1.9204334	2.4938081	0.2393189
0.303126	1.9188506	2.520682	0.2229239
0.3627081	2.7914539	5.5026637	0.2631521
0.3638388	2.8601648	5.6390559	0.2641951
0.3700701	2.892638	6.4926599	0.2767309
0.3497245	2.7282369	5.0893939	0.2623967
0.3531938	2.8322017	5.1973119	0.2688098
0.3787713	2.825288	5.9240263	0.3008777
0.3351639	2.6382358	4.8766089	0.2805904
0.3450067	2.6298592	4.5931635	0.2838472
0.3489933	2.6654362	5.2422819	0.2907718
0.3216047	2.4303003	4.0853877	0.3177947
0.3282358	2.4324025	3.9452571	0.2799202
0.3835834	2.5345612	4.097317	0.3035471
0.3498298	2.3987955	3.7868552	0.3207646
0.3785581	2.4573025	3.8100559	0.3163075
0.3640043	2.5655693	3.6772801	0.3281166
0.3769069	2.5284815	4.9907628	0.2808957
0.4052819	2.6865096	5.4119914	0.2930764
0.3977547	2.6730141	6.215859	0.2999858
0.3609981	2.5246859	4.7910104	0.2956999
0.3775186	2.5452457	4.8292683	0.2997526
0.394224	2.6518427	5.6034727	0.3121899
0.3500452	2.4801265	4.2563234	0.348916
0.3574561	2.4785088	4.535307	0.3109649
0.361913	2.5208962	4.7636794	0.3599741
0.3732771	2.545429	3.8756681	0.3398031
0.3847425	2.5070229	4.2737538	0.3566511
0.3820927	2.4161895	4.2795419	0.3261322
0.3519637	2.570997	3.7024169	0.369713
0.3356465	2.477721	3.8071585	0.4346238
0.4017467	2.5396652	4.0975255	0.3922853
0.3240405	2.8344139	5.1321317	0.2429979
0.3076724	2.7712477	5.1165074	0.245673
0.3217662	2.7890716	5.3690276	0.2396737
0.3238806	2.7553897	4.4820896	0.259204
0.3017742	2.6735484	4.6758065	0.2524194
0.3017826	2.6005679	4.3945417	0.2459378
0.3071721	2.6885246	4.1588115	0.2811475
0.2929936	2.6037022	4.3324045	0.2675159
0.2877946	2.4711631	4.0013413	0.2590535
0.29315	2.4905475	3.4372698	0.2712988
0.3009111	2.507018	3.5550357	0.2767791
0.3469136	2.48	      3.5402469	0.2753086
0.3070381	2.3516129	3.0788856	0.3222874
0.3565476	2.4068452	3.0952381	0.3220238
0.3624962	2.4499847	3.4567146	0.3383298
0.340994	2.6779731	4.5244358	0.2780008
0.3313783	2.7422148	5.0730345	0.2818042
0.3418683	2.7357907	5.0818796	0.2990996
0.2923506	2.4706172	4.0602429	0.2718319
0.3195143	2.5720729	4.2385082	0.2737207
0.3184781	2.5360225	4.8201515	0.3015677
0.278993	2.3887742	3.66591	0.269707
0.3009229	2.434428	4.0294055	0.2816055
0.2851188	2.403293	4.0660692	0.2776157
0.2877572	2.3268941	3.1021074	0.286001
0.2905221	2.2464736	3.3575848	0.2741896
0.2928987	2.2784938	3.5542077	0.2893606
0.3226205	2.2320766	3.1755253	0.3145859
0.3041667	2.3355769	3.3375	0.3294872
0.3172269	2.2169868	3.1677671	0.3223289
0.3237699	2.4405416	5.2933369	0.2342137
0.3346223	2.5892832	5.2043917	0.2375363
0.3355513	2.5640956	5.2478273	0.2498642
0.3177049	2.33	      4.2922951	0.2444262
0.3283019	2.4267581	4.8898799	0.2512864
0.3325901	2.5072041	4.9001715	0.25506
0.30961	2.1982308	4.1025332	0.2623643
0.3138641	2.3213469	4.2612762	0.2652255
0.3202914	2.3766909	4.1779396	0.2638918
0.318398	2.1196496	3.4062578	0.2798498
0.3322087	2.2681028	3.7734233	0.2867895
0.3386465	2.2884766	3.7062974	0.2819441
0.3271222	2.0896185	3.1336883	0.3167702
0.3247052	2.0569456	3.1484038	0.2945068
0.3738854	2.3095541	3.5143312	0.310828
0.3228976	2.2883912	4.8115859	0.238574
0.3038967	2.2428524	4.786621	0.2389889
0.3180742	2.3007103	5.0083437	0.2445597
0.2919677	2.2415356	4.3436747	0.2205695
0.2771036	2.0881451	4.1586878	0.2164289
0.2768408	2.2022487	4.440011	0.2406417
0.2813875	2.1510998	3.842978	0.2274112
0.2680125	2.0265879	3.7638273	0.2187756
0.2747162	2.0422767	3.9828919	0.2388551
0.2721506	1.9032126	3.2557806	0.2146511
0.2849116	1.9531738	3.4241415	0.2197711
0.2730539	1.8451098	3.3101796	0.2145709
0.2683095	1.7876555	2.835099	0.2095808
0.2865128	1.8899149	3.1283111	0.2284326
0.2644877	1.8022717	2.998841	0.2216041
0.3160188	2.2045912	4.1543231	0.2548592
0.3248967	2.2856405	4.3223141	0.2687672
0.3561368	2.3301476	4.6314554	0.2724681
0.2951076	2.0080235	3.6050881	0.258317
0.3145998	2.1941103	3.9085442	0.2818333
0.3261699	2.1747339	3.9983933	0.2767624
0.2704821	1.9126098	3.2811684	0.2690572
0.2675439	2.0192495	3.4731969	0.2768031
0.3082093	2.0969755	3.5679309	0.293807
0.2674271	1.8780101	2.7737643	0.2756654
0.2760976	1.9291057	2.8930081	0.2809756
0.2953518	1.9967721	2.9909619	0.2866365
0.2922741	1.909621	2.7099125	0.3064869
0.2869214	1.9393828	2.8144747	0.3247612
0.2908766	1.921288	2.7989267	0.3019678
0.3525533	2.6935238	4.0751606	0.2390937
0.3475286	2.6304943	4.1255345	0.224132
0.3709349	2.6422685	4.5590607	0.2530793
0.3004966	2.1299226	3.2776302	0.2286638
0.2948703	2.133349	3.3245686	0.2246743
0.3041076	2.2135479	3.5581312	0.234086
0.2918472	2.1580444	3.1845883	0.2579902
0.3021077	2.1807411	3.463838	0.2599532
0.2921483	2.1131925	3.393251	0.2370134
0.3323193	2.1104152	2.9579456	0.2525054
0.30167	2.0633866	2.8414437	0.2539055
0.2882736	1.9058632	2.6547231	0.2283388
0.2823162	1.9329304	2.5640476	0.2431273
0.2848485	2.0090909	2.5989899	0.2466667
0.2898339	1.7922979	2.3597372	0.218288
0.3555576	2.4330102	4.0307093	0.1858864
0.337887	2.3433869	4.0155238	0.1818504
0.3468777	2.4561126	3.9189974	0.1793316
0.2948297	2.0686729	3.2283064	0.17683
0.2885914	2.0355876	3.275432	0.1780524
0.2946512	2.0768605	3.3980233	0.1811628
0.2853495	1.9799731	3.0702957	0.175
0.2712829	1.9694161	3.0382629	0.1735734
0.2791762	1.9938081	3.1239736	0.1806434
0.2546296	1.8304843	2.6501068	0.1835826
0.2596783	1.8152731	2.6420364	0.1840198
0.2477096	1.7804667	2.5917027	0.1735523
0.2437612	1.7939709	2.506688	0.1782791
0.2419512	1.740878	2.4889756	0.1730732
0.2399844	1.7398867	2.5104553	0.1686535
0.3207438	2.3028278	4.1760604	0.1748015
0.3395983	2.3345267	4.2959427	0.1718377
0.3397299	2.3084577	4.3638948	0.1769723
0.2896452	2.0646874	3.7134926	0.1789766
0.3244562	2.2801582	3.7774555	0.1897165
0.3220871	2.2509481	3.7202825	0.188963
0.2687601	2.1014493	3.2703704	0.1874396
0.287444	2.1109637	3.346492	0.1919058
0.2907563	2.1203361	3.6852101	0.2026891
0.2451563	1.8384807	2.9171303	0.1910608
0.2664226	1.9684767	2.9719341	0.195241
0.2822034	2.0709746	3.1635593	0.2163136
0.2549063	1.8617306	2.691347	0.1995986
0.2627238	1.9267201	2.9889255	0.2002828
0.2658341	1.8603925	2.8220339	0.205843
0.3427488	2.6177263	4.6497654	0.165286
0.3439217	2.6187194	4.739986	0.1701129
0.3373257	2.6075005	4.769193	0.1696446
0.3045955	2.3777346	4.1688026	0.175534
0.295302	2.3222743	4.1499304	0.1736102
0.2929142	2.2645958	4.1843812	0.1781437
0.2782509	2.1745824	3.6017032	0.200131
0.2719833	2.1442555	3.671534	0.1830873
0.290728	2.1492001	3.7608554	0.2130264
0.2557487	1.9366237	3.1493737	0.1908768
0.2478817	1.8723634	3.1179016	0.1734271
0.2581417	1.9466421	3.2320147	0.2018399
0.245065	1.8432836	2.7831006	0.2026962
0.2457944	1.8109813	2.7607477	0.1985981
0.2421148	1.7910143	2.7492625	0.2028591
0.442336	2.8835516	4.4201386	0.1964148
0.4415965	2.9231044	4.5070684	0.1997715
0.4648484	2.9957665	4.3803873	0.2015407
0.3732474	2.5573134	4.3318492	0.2097385
0.3819484	2.6620821	4.2806113	0.213467
0.3742074	2.5331966	1.9911414	0.2097165
0.3379044	2.4524144	4.0134787	0.2112049
0.3415653	2.437843	3.8682892	0.2094965
0.342227	2.4982806	4.1328116	0.2127357
0.3125486	2.2848702	3.634738	0.2173845
0.3015822	2.3423366	3.8443343	0.2259869
0.308031	2.2447245	3.817823	0.2160316
0.2943377	2.139092	3.3933005	0.2224112
0.2851461	2.1803562	3.2618018	0.2088881
0.309031	2.3165415	3.5574281	0.2454662
0.3767099	2.6298632	4.4909398	0.203855
0.3838563	2.5785403	4.3364744	0.2033959
0.3862256	2.7219755	4.7575895	0.2101495
0.3338325	2.3418195	3.7945838	0.2117809
0.3317122	2.2999127	3.9908966	0.2114977
0.3308722	2.3435115	3.8394444	0.2087348
0.2997562	2.1251143	3.5726913	0.2077111
0.306178	2.2330346	3.6955826	0.2194302
0.3055862	2.2204563	3.6409127	0.2099135
0.2961774	2.1932722	3.5733945	0.1926606
0.2906381	2.266884	3.7244217	0.1968638
0.296423	2.2315708	3.6765163	0.2055988
0.278855	2.0714681	3.3226223	0.2088643
0.276118	2.0818334	3.1935424	0.2293561
0.2909782	2.1471985	3.2689459	0.2241216
0.3236724	2.0280657	3.2533248	0.2150784
0.3172427	2.0111183	3.2337626	0.2152321
0.3456405	2.1530443	3.3783731	0.2205553
0.300679	1.817545	2.7630133	0.2075655
0.3017811	1.9137448	2.7860423	0.2085807
0.3101884	1.924401	2.9767388	0.2213305
0.2500595	1.501548	2.1636104	0.1870684
0.2586298	1.7142857	2.4200743	0.2024695
0.2773299	1.7816433	2.6263612	0.2155282
0.2346182	1.44	     1.9284364	0.1986909
0.2486938	1.4606658	1.8601284	0.1885356
0.2766576	1.6741285	2.2564935	0.218216
0.2416933	1.3308307	1.7375399	0.1971246
0.2390361	1.3468273	1.8149398	0.1945382
0.2896893	1.5892891	2.1259767	0.2327044
0.3188121	2.4268856	4.0702134	0.2190973
0.3147834	2.3320151	3.6752354	0.2117702
0.2983967	2.3096656	3.6792487	0.2120934
0.2844047	2.1641791	3.433541	0.2044894
0.2695012	2.0316929	3.1038947	0.1943979
0.2615589	2.0551059	3.0705178	0.1979155
0.2609633	1.9755572	2.9081237	0.1886413
0.234377	1.7739297	2.5545048	0.1754633
0.2350135	1.7689829	2.5961067	0.1830605
0.2460422	1.7335092	2.4281003	0.1846966
0.2076628	1.5900383	2.1523372	0.1714943
0.216283	1.6190329	2.1949637	0.1855399
0.2034358	1.484991	1.944123	0.1654611
0.2067488	1.4668809	1.8366363	0.1656847
0.1941596	1.414914	1.7947158	0.1623501
0.4093203	2.6832888	4.5948353	0.2520036
0.3873266	2.6080182	4.366996	0.2410222
0.3764398	2.6205595	4.4142871	0.250121
0.3829574	2.445614	4.2815789	0.2576441
0.3472597	2.3672104	3.6839573	0.2411689
0.3471871	2.3841706	3.9415733	0.2441874
0.3440474	2.3084725	3.622406	0.2460602
0.3165642	2.1040446	3.3147063	0.2345291
0.3218408	2.1839304	3.4117823	0.2365462
0.3185455	2.072	      3.0736364	0.2596364
0.2979923	2.0049313	2.7835505	0.2453329
0.301539	2.0628132	2.952577	0.2485684
0.3838666	2.5981039	4.3964788	0.2679025
0.4011314	2.6472958	4.216251	0.271278
0.3805242	2.646283	4.3774409	0.2995889
0.3536766	2.5092181	3.9801865	0.2622378
0.352658	2.4139807	3.807974	0.2601507
0.332893	2.3572808	3.7225892	0.2517021
0.3433687	2.2356764	3.4098143	0.2534483
0.3134077	2.1571577	3.3051089	0.2459803
0.2897859	2.0510092	3.1176758	0.24
0.3632952	2.3218489	3.5630223	0.2703394
0.385962	2.2501262	3.3580205	0.2686416
0.3619299	2.1967726	3.4114935	0.2805862
0.3585869	2.2081294	2.9525431	0.2855927
0.3624582	2.1155936	2.9038462	0.3005853
0.3561248	1.9551233	2.864792	0.288906
0.374947	2.8464149	5.4497242	0.2588036
0.3876172	2.8557881	5.5320471	0.2610639
0.3803807	2.874973	5.2796885	0.2540558
0.3994914	2.7482602	4.919834	0.2637848
0.3577685	2.6730899	4.6825226	0.261555
0.312659	2.4439733	4.3705633	0.2210781
0.3663571	2.5908153	4.496904	0.254386
0.3369602	2.5178511	4.2939476	0.2859572
0.3170107	2.3555769	4.0243239	0.2321972
0.3327316	2.3734456	3.8850782	0.2547132
0.2924995	2.1454245	3.4254539	0.2334495
0.3033644	2.1857061	3.5325984	0.2286638
0.3259086	2.2464244	3.4801876	0.2722157
0.3170049	2.2334966	3.4124096	0.2883135
0.2914444	2.0032003	3.0394709	0.262428
0.403593	3.0355184	5.7819528	0.2597367
0.3908649	2.8589054	5.3723586	0.2505578
0.3707286	2.7103804	5.1627337	0.2457769
0.3755187	2.7092244	4.7309288	0.2484839
0.3446537	2.4598843	4.2559692	0.2334273
0.3857013	2.4831512	4.3334851	0.2531876
0.3761449	2.774771	4.4502498	0.2629059
0.3261445	2.4878925	3.9258418	0.2311767
0.3632645	2.4093698	3.7969883	0.2262502
0.3795602	2.6892626	3.9780078	0.2667529
0.3463713	2.3569746	3.5614986	0.2521206
0.3148108	2.1751351	3.2185946	0.2332973
0.3950931	2.1965595	3.1297236	0.2397067
0.361793	2.0498933	2.7497332	0.2740128
0.3369051	1.8709195	2.6927486	0.2065786
0.4179707	2.7967693	5.4607774	0.2798587
0.4350569	2.9749741	5.8290589	0.2937952
0.4433584	2.9782899	6.2014611	0.2967383
0.4038414	2.594052	5.1786865	0.288228
0.4257338	2.6375253	5.378416	0.2940283
0.4397514	2.7023085	5.899036	0.3020041
0.3834991	2.4708952	4.5522583	0.2890918
0.4052953	2.6525798	5.1816022	0.3046504
0.4041518	2.6239053	5.2152125	0.3045735
0.4204829	2.5437136	4.5218568	0.3218152
0.3991013	2.5275735	4.6294935	0.3178105
0.4316504	2.5270405	4.7810816	0.3169028
0.3612434	2.4128854	3.9493607	0.3301579
0.3903531	2.4450522	4.2362009	0.3436101
0.3862755	2.4738118	4.3472357	0.3537827
0.320348	2.3657967	3.3712505	0.2347747
0.3197459	2.4254897	3.5894653	0.2440445
0.3262991	2.3839356	3.4572672	0.2379319
0.303124	2.2132694	3.1484689	0.2369316
0.3009841	2.1571537	3.0376987	0.2354277
0.3293166	2.2222927	3.2652608	0.2383066
0.2960714	2.1404441	2.7902828	0.241412
0.2793499	2.124283	3.0028681	0.2470363
0.2833814	2.13122	3.0057637	0.2478386
0.2764286	2.082619	2.7335714	0.2954762
0.275944	2.0522441	2.6551888	0.2576585
0.2743448	2.0819909	2.8285646	0.2685742
0.2534319	1.8899155	2.4033791	0.2711193
0.2551451	1.901847	2.4459103	0.5390501
0.2825789	2.0074074	2.5871056	0.261454
0.3446878	2.7153341	4.2089814	0.2236583
0.3544665	2.6944292	4.2923855	0.2264586
0.362811	2.7919749	4.4770231	0.2229321
0.3136203	2.5450739	3.7944524	0.2211174
0.3346912	2.5483574	3.8082786	0.2290407
0.3149149	2.5445075	3.9810102	0.2247132
0.2905759	2.3147521	3.0411149	0.2291346
0.3164038	2.3170347	3.4518927	0.2359621
0.2996446	2.2909906	3.2435481	0.2460207
0.2544388	1.8688966	2.4472099	0.2097337
0.2548604	2.092082	2.6000353	0.2117356
0.2516376	2.1613901	2.801492	0.2512737
0.2341181	1.7331839	2.220852	0.2206652
0.2439741	1.8763472	2.3840878	0.2088967
0.2565643	2.0927904	2.594348	0.2510013
